56 122
57 135
59 147
62 160
66 173
74 183
85 192
97 200
110 202
123 199
137 191
150 182
159 171
164 156
165 141
165 126
164 110
60 112
64 106
71 104
79 104
87 107
107 105
116 101
126 99
136 100
144 105
98 117
99 127
99 136
99 146
91 152
96 154
102 155
107 153
113 151
68 119
74 116
80 116
86 120
80 121
74 121
115 118
121 113
128 112
134 115
128 118
122 118
83 167
90 168
97 167
103 168
109 167
118 166
128 165
120 171
111 174
104 176
98 175
91 174
86 168
98 170
104 171
110 169
125 166
110 170
104 171
98 170
