583 295
579 331
577 368
580 407
590 444
610 476
633 507
657 540
692 553
731 550
770 527
810 499
844 465
870 426
881 381
881 336
883 292
595 278
606 258
628 250
653 252
675 263
729 264
757 254
786 254
812 263
832 283
698 297
694 330
689 364
686 397
657 400
672 410
690 418
713 410
734 403
621 296
637 287
655 288
670 301
654 301
636 301
744 302
761 291
780 291
796 302
780 306
762 305
637 430
656 432
677 434
693 440
713 437
739 439
767 443
737 464
709 474
689 474
671 471
653 457
648 435
675 445
692 449
712 448
756 444
710 451
690 451
673 446
