55 160
57 182
61 203
66 224
75 245
88 263
104 278
122 290
144 293
167 288
187 275
205 259
219 240
228 218
231 194
230 170
229 145
64 141
71 130
85 128
99 131
113 136
141 132
155 126
170 121
186 122
197 131
126 146
126 161
127 176
127 192
114 202
122 205
130 206
139 203
148 200
79 151
88 146
98 145
108 151
98 154
88 155
151 148
160 141
171 140
180 144
172 149
162 149
106 233
116 229
126 226
134 227
143 224
156 225
171 226
158 235
147 239
137 241
129 241
118 239
111 233
127 232
135 232
144 231
166 227
145 231
136 232
128 232
