182 208
183 235
186 262
189 289
197 315
211 339
230 358
252 373
279 378
309 374
338 362
365 346
385 325
397 299
400 272
403 244
404 216
199 193
210 181
226 176
243 179
259 187
301 192
319 184
338 182
357 186
370 199
281 208
279 226
277 245
275 264
256 272
266 276
279 281
292 276
305 273
221 210
232 206
244 206
255 213
243 215
231 214
312 215
324 210
336 209
348 214
336 216
324 217
231 294
251 297
268 298
281 300
295 297
315 296
338 295
316 311
296 317
282 318
267 317
250 311
237 297
268 302
281 304
296 302
333 297
296 308
282 309
268 308
