845 470
848 524
852 577
863 629
885 678
917 721
961 753
1010 776
1062 781
1113 771
1155 743
1193 711
1221 668
1237 618
1242 568
1245 517
1246 466
905 430
932 412
965 407
998 412
1027 423
1083 425
1115 413
1149 407
1182 411
1205 430
1057 457
1060 490
1062 523
1065 558
1019 575
1041 585
1064 591
1084 584
1101 574
945 464
965 454
986 453
1005 464
986 468
966 469
1101 463
1122 452
1144 452
1164 463
1145 469
1123 468
982 642
1010 626
1039 621
1060 624
1081 620
1104 624
1126 637
1104 659
1082 667
1060 669
1037 668
1009 663
993 641
1039 632
1060 633
1081 631
1115 638
1081 647
1059 650
1037 649
