117 108
118 123
121 138
124 153
130 168
140 181
150 193
162 203
177 206
191 202
204 192
215 180
224 166
229 151
231 135
232 119
232 104
125 101
131 94
141 91
152 93
161 97
180 98
190 94
201 92
212 94
219 100
172 108
172 118
172 128
172 139
160 144
166 146
173 148
179 145
185 143
137 109
143 107
150 107
157 110
150 112
143 112
187 110
194 106
201 106
207 108
202 110
195 111
148 157
158 157
167 156
174 157
181 156
191 156
202 156
192 167
183 172
175 173
167 172
158 167
151 158
167 159
174 160
181 159
199 157
182 166
174 167
167 166
