174 227
175 252
176 277
180 302
190 326
207 345
230 361
253 374
276 379
297 375
313 361
327 344
337 325
344 304
349 283
352 261
353 239
200 216
215 207
233 206
250 211
267 218
299 220
314 215
328 212
341 215
348 227
282 235
283 250
283 265
284 281
261 286
270 290
280 295
289 292
297 289
222 231
232 226
243 228
253 236
242 238
230 237
300 239
311 231
322 231
330 237
323 242
312 241
233 308
251 306
266 307
277 310
288 308
300 309
311 313
301 328
289 334
277 335
265 333
249 324
239 309
266 311
277 313
288 312
305 314
288 324
277 325
266 323
