149 170
151 195
156 219
162 242
170 264
184 284
199 301
218 316
241 319
264 312
284 295
301 276
315 255
324 233
326 208
324 183
322 158
159 156
167 144
182 143
195 147
209 152
243 152
257 146
271 141
285 141
297 148
227 168
228 185
229 202
231 219
213 228
223 230
232 232
242 228
252 225
176 175
185 169
195 169
205 174
195 177
185 177
254 172
262 166
272 165
281 169
273 173
264 173
197 255
213 253
225 252
235 253
245 250
258 250
274 248
261 263
248 272
236 274
226 274
213 269
203 257
225 259
235 259
246 257
268 250
246 260
235 262
226 261
