275 323
278 359
282 394
289 428
303 459
324 486
351 507
380 524
412 529
441 522
468 503
492 481
510 455
521 426
526 395
529 365
532 333
310 315
328 300
352 296
376 301
399 311
447 312
467 303
488 302
507 309
517 324
424 332
424 354
425 376
426 398
397 406
409 412
422 417
434 413
444 408
343 327
357 321
372 322
386 332
372 334
356 332
448 335
462 325
477 326
490 333
477 337
462 337
364 436
385 435
405 436
419 438
432 436
447 435
462 436
447 457
432 465
418 468
404 466
383 457
369 437
405 441
419 442
432 440
456 438
432 453
418 455
405 454
