125 235
129 267
134 298
140 330
153 360
174 384
198 404
224 421
253 424
282 416
307 395
329 371
345 345
352 315
353 285
353 255
353 226
145 238
156 221
176 216
196 219
218 226
251 224
270 214
291 207
315 207
331 220
237 241
239 263
240 284
242 306
218 312
230 316
244 319
258 313
270 306
170 248
181 242
195 241
207 247
195 251
181 251
268 241
279 233
292 231
306 236
294 241
280 243
197 345
214 339
231 335
245 337
259 333
277 332
295 336
281 357
264 368
249 371
234 370
216 363
205 346
231 343
246 343
260 340
289 338
262 353
249 356
233 356
