229 312
232 351
236 388
245 424
261 459
285 489
314 516
347 537
382 542
416 534
445 512
471 484
489 452
499 415
503 378
503 341
502 304
264 287
279 266
304 258
331 259
356 267
388 267
412 256
438 253
463 259
476 279
374 296
375 322
377 349
379 375
349 389
363 394
379 399
393 393
405 387
293 301
307 291
323 291
337 302
323 305
307 306
406 300
420 289
436 288
449 296
437 302
421 303
328 441
347 432
365 427
380 430
396 425
413 428
430 434
415 455
399 462
383 464
366 463
348 457
337 441
365 436
381 437
396 435
421 436
398 447
382 449
366 448
