169 126
170 140
171 153
173 166
179 178
187 189
196 200
207 208
220 211
232 207
243 198
252 187
258 174
261 162
263 149
263 136
262 124
181 118
186 113
194 111
202 112
210 115
225 116
232 113
240 112
247 114
252 119
218 124
218 134
218 145
218 155
209 158
213 160
218 162
223 160
227 157
191 123
195 120
200 120
204 123
200 124
195 124
230 124
234 121
239 120
243 123
239 124
234 124
199 170
207 171
214 171
219 172
224 171
231 170
239 168
231 177
225 180
219 181
214 180
207 177
202 171
214 173
219 174
224 173
236 170
224 176
219 177
214 176
