95 114
96 129
97 144
99 158
105 172
114 183
126 191
140 198
154 199
169 197
180 189
190 179
197 167
201 154
203 140
204 126
205 112
110 102
116 95
126 92
137 92
147 96
164 96
173 93
182 92
192 96
197 103
155 104
155 114
155 123
155 134
143 139
149 141
155 143
162 141
167 139
122 107
128 103
134 103
140 107
134 108
127 108
169 107
174 103
181 103
186 107
181 109
175 109
129 155
140 154
149 153
156 155
162 153
171 154
180 155
172 163
163 166
156 167
148 166
139 164
132 156
149 156
156 157
163 156
177 156
163 162
156 163
149 162
