974 2217
974 2221
974 2225
975 2229
977 2233
980 2237
984 2239
988 2241
992 2241
996 2241
1001 2239
1004 2237
1007 2233
1009 2229
1009 2225
1009 2220
1009 2216
979 2212
981 2210
983 2209
986 2209
989 2210
993 2210
996 2209
999 2209
1001 2210
1003 2211
991 2213
991 2215
991 2218
991 2220
987 2223
989 2223
991 2224
993 2223
994 2222
982 2214
984 2213
985 2213
987 2214
985 2214
984 2214
995 2214
996 2213
998 2213
1000 2214
998 2214
997 2214
985 2228
987 2227
989 2226
991 2227
993 2226
996 2227
999 2228
996 2230
993 2231
992 2231
990 2231
987 2230
986 2228
989 2227
991 2228
993 2227
998 2228
993 2229
991 2229
990 2229
