219 357
222 394
226 430
233 466
247 502
268 532
293 559
321 583
357 591
394 583
428 558
460 530
483 498
496 460
499 421
500 385
500 348
231 340
247 325
270 324
293 328
316 334
377 336
400 326
424 322
449 323
469 335
347 356
348 382
349 408
350 434
321 442
335 448
351 454
368 448
383 440
264 356
278 352
293 352
307 359
292 361
277 361
391 358
405 352
421 351
437 355
422 360
406 360
289 472
314 476
336 477
354 480
371 477
395 473
422 469
398 495
373 506
354 508
336 506
312 496
297 476
336 482
354 485
372 482
414 473
372 493
354 495
336 493
