160 288
167 323
173 357
181 392
198 424
223 450
254 470
289 486
324 486
359 474
389 450
416 424
433 394
438 359
435 323
433 289
430 256
180 276
192 257
212 247
237 243
260 247
314 245
336 231
361 227
386 229
404 244
292 268
295 294
297 318
300 343
277 357
290 360
305 363
319 355
331 347
213 285
226 280
241 277
258 279
243 284
228 287
329 268
344 261
359 258
376 260
361 264
346 267
253 397
273 390
293 386
310 387
324 382
346 380
369 379
350 400
331 409
315 412
297 413
276 409
261 397
294 392
311 392
326 388
362 382
327 398
312 402
295 402
