144 63
146 76
148 88
150 101
155 112
164 122
175 130
186 137
199 138
211 135
220 128
227 118
233 107
235 96
236 83
235 72
235 60
157 62
163 54
171 51
181 50
189 53
201 52
209 48
218 47
225 49
230 55
196 59
197 68
198 76
199 85
188 88
193 90
199 92
204 90
208 87
168 64
172 61
177 61
182 62
177 64
172 64
207 61
211 58
216 58
220 59
216 61
211 61
176 102
185 99
192 99
198 99
204 98
211 98
217 99
211 107
204 109
198 110
192 110
184 108
179 102
192 101
198 101
204 100
215 100
204 106
198 107
192 107
