141 164
143 183
146 201
149 219
155 237
165 251
179 261
196 268
215 269
234 267
251 261
265 251
275 237
282 220
284 202
286 183
287 163
145 148
153 136
167 132
182 132
197 137
221 136
236 130
251 130
265 133
274 144
208 149
208 160
208 171
208 183
196 195
202 197
209 198
217 196
224 195
162 155
170 150
179 150
188 155
179 156
170 157
233 154
242 149
251 149
258 154
251 155
242 155
184 224
194 221
204 220
211 221
218 219
228 221
240 223
229 228
219 229
211 230
204 230
194 230
188 225
204 224
211 225
218 224
236 223
218 224
211 224
204 224
