450 614
443 695
440 776
448 855
480 930
530 994
593 1046
660 1086
734 1097
801 1089
850 1046
892 995
927 939
954 878
973 813
984 750
990 687
564 603
606 576
656 569
708 579
751 605
850 612
891 599
934 600
969 616
983 653
803 662
804 713
807 763
809 815
716 829
750 841
784 854
816 849
841 841
615 638
649 626
684 633
710 661
678 659
643 653
848 678
883 656
917 657
941 677
918 687
883 685
621 887
682 887
734 888
764 899
794 896
824 905
848 919
815 956
784 974
752 974
719 967
670 940
638 894
730 906
762 913
790 914
832 921
787 937
757 939
725 932
