128 250
126 278
125 305
125 332
131 359
145 382
166 401
190 417
217 426
244 425
267 412
287 396
302 376
311 352
318 327
324 302
329 276
154 236
169 225
189 223
209 227
227 236
266 238
283 234
301 234
318 240
326 255
244 255
242 271
241 287
240 304
213 314
224 319
235 324
247 323
258 320
175 252
187 247
200 248
212 257
199 258
186 257
268 263
283 257
296 259
305 268
295 270
281 268
181 347
202 348
219 348
230 352
241 351
254 355
267 360
252 367
238 369
226 368
214 366
199 361
187 349
218 353
229 356
240 356
261 360
239 358
228 358
217 356
