130 163
130 186
132 209
138 231
148 250
163 266
183 278
203 287
224 289
242 285
256 272
267 257
274 240
279 221
282 204
284 186
283 168
157 154
171 145
187 144
204 145
219 150
235 149
249 145
262 144
275 146
282 155
230 160
231 175
231 190
232 205
209 212
219 215
229 218
237 215
243 212
176 162
185 157
194 157
202 163
194 165
184 165
244 164
253 158
262 158
269 163
263 166
254 166
189 235
204 235
218 235
226 238
235 236
245 236
253 236
245 244
236 246
227 246
218 245
204 242
193 235
217 239
226 240
235 239
249 237
236 240
227 241
218 240
