146 186
147 209
149 233
154 256
164 279
180 298
200 313
223 324
246 328
266 325
280 313
291 298
301 279
306 260
311 240
315 220
315 199
172 182
187 168
207 163
227 165
246 173
270 176
284 170
300 168
313 174
318 189
257 191
258 209
259 228
260 246
233 249
243 254
255 259
264 255
272 251
197 186
207 181
218 182
227 191
217 192
205 191
274 194
283 187
294 186
300 193
294 197
283 196
209 270
228 273
242 275
252 278
261 275
270 275
281 274
270 283
261 286
251 286
240 285
226 281
213 272
241 278
252 280
261 279
277 276
261 280
252 281
241 279
