102 103
101 120
101 138
103 155
110 171
120 186
131 199
143 211
159 215
176 211
189 199
201 185
211 172
217 156
220 140
221 125
221 110
119 102
126 95
137 92
148 94
158 98
174 99
185 95
196 94
207 96
212 104
166 108
166 119
166 130
165 142
149 143
156 146
165 150
173 147
180 143
131 108
137 106
144 106
150 109
143 109
137 109
180 109
187 106
194 106
200 109
194 110
187 110
134 159
145 157
156 158
164 159
171 158
180 158
191 159
180 170
170 175
162 176
154 175
144 170
137 160
156 160
163 162
171 161
188 159
170 170
162 171
155 170
