158 349
167 396
178 441
190 487
211 529
240 567
276 599
315 624
363 628
412 615
452 584
489 547
514 504
527 456
530 405
529 356
525 306
167 334
184 307
218 300
252 303
287 311
344 305
380 290
417 279
456 280
484 302
320 333
321 364
323 395
325 426
296 449
314 453
334 456
353 448
371 440
214 340
232 329
255 327
277 340
256 346
232 348
375 330
394 313
418 310
440 317
422 327
398 331
276 508
298 503
321 497
340 500
359 493
389 491
421 489
396 520
370 534
349 539
329 539
303 531
287 509
323 507
343 507
361 502
410 493
365 512
346 517
326 516
