444 657
454 753
468 845
491 934
535 1016
604 1085
685 1135
775 1174
865 1178
946 1155
1004 1094
1057 1027
1099 948
1120 867
1132 784
1138 702
1132 622
547 574
589 533
648 516
708 530
767 559
911 554
958 521
1007 497
1059 497
1092 532
849 622
855 677
861 731
867 787
788 836
825 846
864 857
897 839
926 819
627 648
659 626
700 623
737 641
700 651
659 655
917 630
950 603
990 600
1024 616
995 628
956 631
697 949
762 935
821 920
864 925
903 910
954 910
1002 914
963 971
918 998
875 1007
830 1009
767 995
723 953
823 944
865 941
906 933
980 925
911 957
870 967
828 969
