402 584
404 663
407 741
417 821
448 901
507 966
583 1010
665 1047
754 1057
838 1045
904 1002
958 947
993 881
1009 805
1016 730
1020 658
1021 587
499 523
537 484
593 468
650 476
706 498
820 501
868 481
920 478
966 496
989 537
766 559
768 609
770 660
772 712
693 738
728 750
765 764
800 752
828 741
572 565
606 552
640 553
670 571
637 575
603 574
838 575
872 560
905 560
934 576
905 583
873 581
614 828
673 811
725 810
764 816
802 812
843 817
885 833
842 857
799 865
759 866
718 863
666 852
630 828
723 830
763 833
802 831
868 833
800 839
760 841
720 838
