61 119
60 133
61 148
63 163
67 178
74 192
82 205
91 217
106 222
122 220
138 212
153 200
165 186
172 170
176 153
178 136
180 118
64 112
69 105
79 103
89 105
97 109
116 108
127 104
140 103
151 106
160 112
106 118
105 127
104 137
102 148
94 154
99 157
104 158
111 157
118 156
77 117
82 113
90 113
96 118
89 119
82 119
124 119
130 114
138 114
144 117
138 120
131 120
83 169
90 169
98 169
105 172
113 170
125 171
137 171
125 184
114 189
105 189
97 188
89 182
86 171
98 172
105 174
113 173
133 172
113 182
105 183
98 181
