61 118
62 134
64 149
66 165
71 180
80 193
92 203
105 211
121 213
137 210
151 201
165 191
174 178
179 162
181 145
182 128
181 111
67 107
74 99
84 97
95 97
106 100
122 100
134 96
146 94
158 95
166 102
115 109
115 119
116 129
117 140
104 146
110 149
117 151
124 148
130 145
81 113
87 109
95 108
101 113
94 115
87 115
130 112
137 107
144 107
151 111
145 113
137 113
94 167
104 166
111 165
118 166
125 163
133 164
143 165
134 170
126 172
119 173
112 173
104 172
98 168
111 168
118 168
125 167
139 166
125 167
119 168
112 168
