69 122
70 136
71 149
74 162
80 175
89 186
100 195
113 201
127 202
141 200
153 193
163 183
171 172
175 159
177 146
178 133
177 120
83 114
89 108
99 106
109 108
118 111
133 111
142 108
152 106
161 107
168 112
127 118
127 125
128 133
129 142
116 147
122 149
128 150
134 148
139 146
94 120
99 117
105 117
111 119
105 121
99 121
141 119
146 116
152 117
157 119
152 121
146 120
108 166
116 162
123 160
129 161
135 159
142 160
148 164
143 169
136 171
130 172
124 172
116 171
112 166
123 163
129 163
135 162
145 164
136 166
130 167
124 167
