183 226
183 259
183 293
187 328
199 361
221 388
252 409
285 426
322 431
359 425
390 408
416 384
436 356
449 325
454 292
456 260
458 226
217 194
233 182
254 179
277 181
298 189
348 191
369 185
392 182
413 185
429 199
322 213
321 235
321 256
321 279
290 289
304 294
320 300
337 296
352 291
243 215
258 211
272 212
285 218
271 217
257 217
359 221
374 216
387 217
399 221
387 221
373 221
256 322
281 323
305 324
322 327
338 325
361 326
383 327
360 348
336 356
318 357
301 355
277 345
263 326
304 331
321 333
337 332
376 329
336 345
319 346
302 343
