111 152
112 172
113 193
116 214
125 233
137 249
154 261
171 272
191 275
211 271
229 260
246 246
259 229
265 210
267 189
267 170
266 150
125 146
134 138
146 134
159 136
172 140
202 141
213 136
227 132
240 134
251 142
187 154
188 168
188 181
188 195
174 201
181 203
190 206
198 202
206 199
143 154
150 150
159 150
167 155
158 157
150 156
209 155
216 149
225 148
233 151
226 155
217 155
157 221
171 219
182 218
191 219
200 217
212 217
226 216
213 226
201 231
192 232
182 232
170 229
162 221
182 221
191 221
200 220
222 218
201 225
192 227
182 226
