799 888
806 979
813 1068
821 1156
847 1239
898 1307
968 1362
1049 1406
1138 1419
1226 1408
1304 1363
1373 1307
1421 1235
1444 1152
1458 1070
1468 987
1476 901
863 855
904 806
969 786
1037 786
1104 802
1219 805
1281 791
1343 792
1402 813
1434 861
1160 868
1157 926
1153 984
1150 1045
1081 1072
1114 1084
1149 1096
1184 1085
1217 1074
951 869
986 845
1026 846
1059 875
1023 879
984 878
1245 880
1279 853
1318 854
1349 878
1319 886
1282 885
1000 1180
1056 1162
1109 1158
1148 1166
1188 1161
1240 1168
1288 1186
1238 1229
1187 1244
1145 1246
1104 1241
1052 1222
1018 1182
1108 1172
1147 1177
1187 1175
1267 1189
1187 1217
1146 1221
1106 1216
