103 275
109 308
117 340
124 372
134 405
151 432
174 456
201 474
235 477
270 471
301 450
328 424
347 394
357 360
361 325
363 291
364 256
116 258
129 243
151 239
174 240
197 245
243 243
266 235
289 230
313 230
332 242
222 258
223 278
223 298
224 320
200 338
213 341
227 343
241 339
253 334
143 270
156 264
172 262
187 268
172 272
156 274
261 263
276 255
291 254
306 259
292 265
276 265
173 383
192 380
211 376
226 378
241 373
262 374
287 375
265 392
245 399
229 402
213 402
194 398
181 386
212 386
227 387
243 384
279 378
243 384
228 387
213 386
