152 171
151 190
152 211
155 233
163 253
173 272
186 289
201 301
220 304
239 300
260 289
278 273
292 254
302 233
305 209
306 184
306 161
154 154
159 146
170 145
182 148
191 154
213 153
226 149
241 148
255 148
268 155
204 167
204 182
203 197
203 213
190 217
197 221
205 224
215 220
224 217
166 165
174 161
183 162
190 169
181 169
173 168
229 168
237 163
245 162
254 165
246 169
238 170
181 238
190 237
200 237
208 239
217 237
232 237
250 238
234 252
220 258
210 259
200 258
191 253
184 239
200 240
208 241
217 239
245 239
219 251
210 252
200 250
