78 185
81 212
83 237
89 262
102 284
120 302
142 317
167 328
192 330
216 323
234 308
248 290
259 269
266 247
269 225
270 203
270 181
104 171
116 156
133 147
153 147
173 151
204 153
220 147
237 147
252 153
260 166
192 169
193 184
195 199
196 214
172 226
183 229
194 232
203 229
212 226
131 174
141 168
152 166
161 173
153 175
142 176
211 173
220 166
231 166
240 172
232 175
221 175
153 257
170 255
184 255
193 257
201 254
212 255
222 256
212 266
201 269
192 270
183 269
169 266
158 257
184 259
193 260
201 259
218 257
201 263
192 265
184 264
