233 314
238 355
243 393
251 429
266 463
291 492
324 515
362 533
400 535
435 527
464 505
487 479
504 450
513 417
517 384
519 350
520 316
272 289
290 268
318 260
346 262
373 273
428 274
450 262
474 258
498 265
510 285
401 307
405 333
408 359
411 386
374 406
390 409
407 413
421 409
433 403
303 315
319 304
339 304
356 319
338 323
317 323
434 318
451 304
470 301
485 311
472 319
453 320
336 449
365 449
388 447
404 450
418 446
437 447
458 446
438 465
419 474
404 477
387 475
363 468
345 451
388 457
404 459
419 457
450 449
419 457
404 459
388 458
