73 83
73 94
74 104
76 115
81 124
87 131
95 137
104 142
114 144
123 142
129 135
135 128
139 119
141 111
143 102
143 93
143 84
84 78
89 75
96 74
103 74
110 76
120 77
125 75
131 74
137 75
140 79
115 82
115 88
116 94
116 100
108 105
112 106
116 107
119 106
122 105
91 83
95 81
99 81
103 83
99 84
95 84
123 83
126 81
130 81
134 83
130 84
126 84
100 117
105 116
111 115
115 116
118 115
122 116
126 117
122 122
119 124
115 124
111 124
105 121
102 118
111 118
115 119
118 118
124 117
118 119
115 119
111 119
