292 427
299 481
308 534
319 587
340 637
374 679
418 713
468 738
528 743
589 731
640 699
688 661
727 611
746 555
753 494
752 434
749 375
326 406
348 376
387 364
429 366
468 379
526 372
566 352
610 341
656 344
695 367
503 408
506 447
508 486
509 527
468 548
490 556
515 563
540 551
563 540
377 431
397 417
424 414
449 425
424 434
399 437
569 415
591 399
618 395
643 403
621 416
595 418
428 604
464 606
496 604
520 607
544 600
576 595
620 587
580 613
549 624
524 628
499 629
466 623
439 607
497 614
522 615
546 610
607 593
546 609
522 615
498 614
