105 149
108 169
109 189
112 209
118 228
131 245
147 258
166 268
186 270
206 265
223 253
238 238
249 221
254 202
256 182
258 163
260 144
118 134
126 121
141 115
157 115
172 119
194 118
210 113
226 113
241 118
249 130
185 132
186 145
187 159
188 174
170 183
178 185
187 188
195 185
203 182
136 140
143 134
153 134
162 139
153 142
143 143
204 138
213 131
223 131
231 136
224 140
214 140
150 209
163 206
176 204
186 206
196 204
207 205
220 207
207 218
196 223
186 225
175 224
162 220
155 209
176 208
186 209
196 208
216 208
196 215
185 217
175 217
