127 117
127 134
129 150
131 167
136 183
147 198
160 210
175 220
193 224
211 222
227 215
241 204
252 191
259 175
262 157
264 139
265 120
139 108
146 99
158 97
171 98
183 103
205 102
218 98
231 97
243 101
250 111
193 112
192 124
192 136
192 148
177 154
184 157
192 159
200 157
208 155
152 114
159 110
167 109
175 114
167 115
159 115
213 114
220 110
228 111
235 116
229 117
220 116
164 171
175 172
184 172
192 174
200 173
209 174
222 175
209 180
199 182
191 182
183 181
174 179
167 172
184 175
192 177
200 176
218 175
199 176
191 176
183 175
