161 117
162 133
163 148
165 165
169 181
179 195
191 208
204 218
221 222
238 219
254 209
268 198
279 183
285 167
287 149
287 133
287 116
173 105
180 99
189 97
199 99
208 102
231 103
241 98
252 96
262 98
270 104
220 113
220 123
220 133
219 144
207 150
213 153
220 155
227 153
233 151
185 113
191 110
198 110
204 114
197 115
191 115
237 115
244 111
251 110
258 113
251 114
244 115
189 168
200 166
211 166
219 168
228 166
240 167
254 169
241 181
228 185
219 186
210 185
199 180
192 169
211 170
219 171
228 170
250 170
228 179
219 180
210 179
