223 225
225 257
230 286
234 316
241 346
257 372
280 392
307 407
336 412
367 407
396 393
421 375
438 350
445 320
449 288
453 257
454 225
244 206
257 191
278 185
299 188
318 196
350 195
370 187
392 182
414 185
430 201
336 215
336 236
336 257
336 278
314 291
325 295
337 300
350 295
362 291
266 225
277 216
293 215
307 227
293 228
278 229
366 225
380 213
395 212
409 221
396 225
381 226
286 325
304 321
323 317
337 319
349 317
372 321
394 328
372 353
350 363
336 365
321 362
303 350
293 327
323 325
337 326
350 325
387 330
349 348
336 350
322 347
