204 288
209 319
215 349
220 378
231 405
250 426
276 441
301 456
327 464
354 460
383 447
413 434
435 413
448 386
453 355
457 323
458 290
228 261
244 249
264 246
284 251
301 260
358 260
375 249
396 244
417 248
435 260
329 285
329 305
329 325
328 345
306 355
317 358
328 362
340 359
352 355
254 285
267 277
283 277
296 292
281 293
265 291
365 292
379 279
394 277
408 286
395 292
379 293
278 382
296 379
315 378
329 381
343 378
365 380
386 383
365 405
344 411
329 412
314 410
295 402
284 383
315 383
329 385
343 384
381 384
343 400
329 400
314 398
