354 759
352 857
352 960
360 1066
388 1173
439 1271
498 1365
561 1446
649 1487
753 1482
859 1428
955 1357
1040 1271
1097 1168
1126 1050
1144 932
1157 817
402 674
443 636
506 638
569 659
622 699
777 719
840 688
912 672
983 681
1036 729
685 803
676 886
667 969
658 1052
588 1068
623 1089
664 1108
711 1096
758 1082
474 780
514 763
561 770
601 809
553 814
506 804
800 830
847 801
899 799
942 824
899 844
847 842
501 1121
559 1124
617 1132
669 1148
723 1140
801 1144
885 1158
802 1248
720 1284
662 1286
605 1272
551 1223
524 1134
614 1155
667 1169
721 1166
866 1164
722 1246
666 1247
610 1233
