86 120
86 133
88 146
91 159
95 171
102 181
112 189
124 194
136 196
149 194
161 189
171 181
179 170
183 157
184 143
185 129
185 115
94 109
99 104
106 104
114 104
120 107
139 105
147 102
155 100
163 101
171 104
131 117
131 126
130 135
130 144
123 148
127 150
131 152
136 150
140 148
102 119
107 115
113 115
119 120
113 121
107 121
145 118
150 113
156 112
162 116
157 119
151 119
113 162
120 158
127 157
132 159
137 157
146 158
155 161
147 169
139 172
133 172
127 172
120 169
116 162
127 161
132 161
138 161
152 161
138 167
132 168
127 167
