146 151
147 165
149 177
153 190
158 202
166 213
176 222
188 228
202 229
216 227
227 220
237 211
243 199
248 187
251 174
252 161
252 147
154 141
159 135
168 131
177 132
186 134
205 132
214 128
223 127
233 130
239 136
196 141
196 150
196 159
196 168
186 175
192 177
198 178
204 176
209 175
164 147
170 142
176 142
182 146
177 147
170 147
210 144
216 139
223 139
229 143
223 145
217 145
177 191
184 188
192 187
198 188
204 187
214 187
223 189
215 198
206 203
199 204
193 203
185 199
180 191
192 190
198 190
205 189
221 189
206 198
199 199
193 198
