160 280
161 307
163 334
166 360
174 387
188 410
211 426
236 439
264 442
290 436
315 421
337 404
352 382
360 357
363 331
364 307
365 281
175 264
187 251
205 247
225 247
243 253
282 254
300 248
319 247
337 250
349 262
262 270
262 287
262 304
262 321
239 335
250 338
262 341
275 337
286 333
197 275
209 268
221 267
233 275
222 276
209 277
291 274
303 268
315 268
326 274
316 276
303 276
217 367
237 369
253 367
264 369
275 366
293 367
311 365
294 383
277 391
265 392
253 392
236 386
225 370
253 372
264 373
276 371
305 367
276 378
264 380
253 379
