235 316
233 349
234 382
237 416
244 449
262 477
284 501
309 522
338 531
368 528
399 512
428 491
450 465
463 434
471 402
477 368
480 336
261 293
276 281
296 277
315 282
332 292
381 297
403 288
427 287
449 295
463 311
357 318
355 340
353 362
350 385
324 394
336 400
348 406
362 403
375 400
284 316
298 307
314 308
326 322
311 323
296 322
387 328
403 316
420 317
432 328
419 331
403 330
286 426
305 419
328 418
344 423
362 421
384 426
405 437
383 464
359 472
341 473
322 469
301 454
293 428
327 430
344 433
361 433
397 438
360 456
342 457
324 453
