246 274
246 311
248 350
251 391
265 428
293 458
330 480
367 497
402 503
434 497
460 476
486 453
507 425
519 393
527 359
531 326
533 294
296 249
318 236
345 232
371 239
394 252
447 258
468 250
490 247
509 252
522 267
421 278
422 301
423 323
424 347
387 360
401 366
416 371
430 368
442 364
327 275
343 267
361 269
376 282
359 284
341 282
448 288
464 278
481 280
494 290
481 294
464 293
336 397
368 391
395 390
412 395
429 392
447 396
462 405
445 425
425 433
407 433
389 430
363 420
344 399
394 399
410 401
427 400
455 406
427 419
409 420
392 417
