404 167
404 190
406 214
409 239
414 263
424 284
439 300
457 312
480 316
506 313
533 304
557 290
576 271
588 246
594 219
598 193
601 166
414 144
423 134
437 132
452 135
465 141
501 139
517 130
535 129
552 132
566 139
482 153
482 166
481 178
480 192
464 207
472 210
481 212
491 210
500 207
430 160
440 153
452 152
462 160
451 162
440 163
510 158
522 151
534 151
544 157
534 160
522 160
445 245
458 235
471 230
482 232
494 229
509 234
524 245
509 255
493 259
481 261
469 260
456 257
450 245
471 236
482 236
493 235
518 244
493 251
481 252
470 253
