153 226
157 254
163 280
171 306
185 330
206 348
233 361
263 370
292 371
319 363
343 347
362 329
375 304
381 277
382 249
382 223
381 196
176 198
188 183
207 177
227 177
246 184
304 185
319 174
337 168
355 170
368 181
278 203
281 222
284 241
287 260
264 271
276 274
288 277
299 271
308 266
203 215
215 210
228 208
241 213
229 215
216 217
308 206
320 200
333 198
345 201
334 205
322 206
235 302
256 293
274 289
288 291
301 287
317 287
333 291
321 311
306 320
292 323
276 324
256 319
241 302
275 297
289 298
303 295
327 292
304 308
290 311
275 311
