156 169
156 190
156 211
159 233
166 252
178 269
196 281
215 290
237 294
258 293
278 285
295 274
306 258
312 238
315 218
317 197
318 176
177 146
188 137
202 134
216 136
229 143
254 148
267 142
281 141
295 145
303 154
241 156
241 170
240 184
240 198
221 209
230 212
239 215
247 213
255 210
192 156
201 151
211 151
219 160
210 160
199 160
259 163
269 156
279 156
288 164
279 166
269 164
203 236
217 233
229 231
238 234
246 232
258 235
270 240
257 246
246 248
237 248
227 246
216 243
208 237
228 238
237 239
246 239
265 240
246 239
237 239
228 237
