212 387
217 433
226 476
234 518
249 560
276 594
311 620
350 640
391 645
430 633
464 608
495 581
517 547
529 509
534 468
538 428
539 385
233 352
255 330
288 324
320 330
351 342
408 342
437 331
467 327
497 332
517 350
380 369
382 397
383 426
386 456
351 473
368 478
384 482
400 476
414 471
270 373
290 362
312 363
332 378
311 378
289 378
424 378
444 362
465 362
483 373
466 378
445 378
310 526
339 517
366 512
385 516
405 510
430 513
456 516
431 541
407 553
385 556
365 556
337 548
320 526
366 523
385 524
405 521
445 519
405 535
385 539
365 538
