126 198
125 218
125 238
125 259
130 279
139 298
152 314
167 328
186 333
208 331
231 321
251 308
267 291
277 270
280 247
284 225
287 204
136 178
145 172
157 170
170 173
181 179
212 179
226 173
242 171
257 175
268 185
195 195
194 210
192 226
191 242
174 245
182 250
191 254
201 250
211 247
147 196
156 191
167 192
176 199
166 200
155 200
219 201
230 194
241 193
251 199
241 202
230 202
153 262
165 258
179 259
191 262
203 261
220 261
236 266
219 283
201 290
188 291
176 289
163 280
158 263
178 265
190 267
203 266
231 267
202 281
189 282
177 280
