529 842
535 930
545 1017
553 1108
577 1195
627 1269
698 1331
779 1383
870 1399
954 1380
1032 1327
1101 1267
1154 1196
1183 1113
1191 1023
1196 936
1200 846
583 786
623 738
688 721
753 733
812 761
931 753
995 731
1058 725
1116 751
1146 802
873 817
873 886
872 955
873 1026
798 1041
831 1060
870 1079
910 1061
943 1044
666 823
704 800
748 802
787 831
747 835
703 834
958 836
997 808
1040 811
1072 836
1041 845
999 843
712 1114
774 1114
831 1119
871 1128
919 1119
972 1117
1027 1116
977 1176
922 1208
872 1214
827 1209
768 1181
731 1121
830 1143
871 1150
919 1141
1007 1120
921 1173
871 1181
829 1174
