563 619
561 698
564 773
575 849
605 918
656 977
717 1024
783 1063
849 1077
911 1064
964 1016
1011 965
1049 909
1076 851
1098 794
1110 737
1111 679
666 590
711 558
769 544
826 551
875 579
965 587
1006 572
1051 570
1091 584
1109 621
913 641
914 697
916 753
917 808
838 813
869 828
902 844
932 834
955 819
731 633
766 617
801 621
833 649
797 648
761 644
960 662
997 639
1031 639
1058 660
1031 665
997 664
730 849
794 846
855 850
890 859
923 856
961 860
995 868
951 929
910 955
874 958
835 952
780 920
742 854
851 866
887 874
920 872
978 874
913 919
878 924
841 919
