167 298
166 323
168 348
171 373
177 398
188 419
206 437
226 452
252 457
280 453
307 441
332 427
351 407
363 382
369 356
374 329
378 301
174 284
185 272
203 270
220 275
237 281
272 280
292 273
311 269
331 272
347 282
252 294
251 309
249 324
247 341
230 354
239 357
249 360
261 357
274 354
192 297
203 289
217 289
229 299
216 300
202 300
285 299
298 289
312 289
324 297
312 301
299 301
209 384
223 375
240 372
253 375
267 373
287 376
307 383
288 400
267 408
252 410
238 408
222 400
215 385
239 380
252 381
267 380
301 383
267 396
252 397
239 395
