243 181
245 202
249 222
254 244
261 264
273 283
288 299
306 310
327 314
348 310
369 300
388 286
402 269
411 248
414 225
415 202
415 180
258 155
268 148
280 145
293 148
304 154
336 153
349 146
363 144
377 144
390 151
320 168
319 182
318 196
318 211
304 222
312 224
320 225
329 223
337 221
271 173
280 167
290 167
299 173
290 175
280 175
346 172
355 166
365 165
374 170
366 173
356 173
288 251
299 242
312 238
322 240
334 238
350 240
367 245
352 262
337 268
324 269
313 269
300 264
293 251
312 245
323 246
334 244
363 246
336 259
324 260
313 260
