279 300
287 334
295 366
306 398
321 429
342 455
368 478
399 497
430 501
461 490
490 467
514 439
532 407
542 372
544 334
543 299
543 262
288 253
299 235
318 228
338 230
356 239
428 229
446 212
469 203
494 206
511 221
395 263
397 288
399 313
402 338
384 354
396 357
408 360
420 353
432 347
315 283
328 271
346 269
365 278
348 284
330 287
435 268
452 253
471 250
487 258
474 266
455 269
357 399
376 390
396 385
413 386
432 381
456 380
484 382
463 410
440 424
420 429
402 429
380 422
366 401
398 394
415 394
434 389
475 386
437 409
417 413
400 413
