137 151
138 164
139 177
140 190
145 203
155 214
166 223
178 231
191 234
205 230
217 221
229 211
238 198
243 184
244 169
243 153
243 138
140 144
143 136
151 131
159 130
167 132
187 129
196 124
206 123
216 125
225 131
178 143
178 153
179 163
179 172
171 178
176 180
181 181
187 178
193 175
150 148
155 144
162 143
168 147
162 148
156 149
194 143
200 138
207 137
214 139
208 142
201 143
162 191
169 189
177 188
183 189
190 187
201 186
213 186
203 198
193 203
186 205
179 205
170 202
165 192
177 191
184 191
190 190
210 187
192 198
185 199
178 199
