177 227
180 285
187 341
194 400
212 455
244 502
293 537
345 565
398 578
450 569
501 542
547 508
579 464
597 415
604 363
611 310
616 256
232 193
264 171
305 160
346 164
384 182
466 189
499 177
537 178
571 192
594 217
426 224
426 265
426 306
426 348
376 356
397 369
420 381
443 374
462 364
280 223
306 212
333 214
358 232
330 232
304 230
478 242
503 228
530 231
552 245
529 248
503 246
298 399
341 395
383 398
413 407
443 403
479 406
514 415
477 462
439 480
407 481
374 474
333 451
310 404
381 416
412 422
442 420
501 417
441 454
409 455
378 450
