111 159
110 183
111 207
110 230
115 252
125 271
140 287
157 299
178 305
201 304
223 296
242 284
257 268
267 249
273 229
280 209
285 186
133 144
144 136
158 134
172 137
184 145
220 151
233 150
246 153
258 159
266 168
200 164
198 179
196 195
194 210
176 213
183 218
190 222
199 222
207 220
148 158
158 154
168 156
175 164
166 163
156 161
222 173
233 169
242 172
250 180
240 179
231 177
147 232
163 229
179 230
188 234
199 234
214 239
227 247
211 261
194 264
183 263
172 260
158 252
150 233
177 236
187 239
198 240
223 246
196 256
185 255
175 252
