60 115
60 127
62 140
64 152
67 165
73 176
81 186
92 193
104 195
117 193
130 188
140 180
148 170
154 158
156 145
157 132
159 118
66 102
71 96
79 94
87 95
95 98
114 99
123 97
132 97
140 100
146 106
104 108
103 116
103 123
102 131
94 138
98 139
103 141
108 139
112 138
75 109
80 106
86 106
91 110
86 110
80 110
118 110
124 106
130 107
135 111
129 111
124 111
84 156
90 151
98 149
103 150
110 149
119 150
126 155
119 164
111 168
104 169
97 168
90 164
86 156
98 154
104 154
110 153
124 156
110 162
104 163
98 162
