1243 446
1244 503
1249 559
1256 615
1273 668
1301 714
1341 752
1388 784
1445 796
1506 792
1561 770
1608 737
1640 693
1659 641
1671 585
1684 529
1692 473
1285 396
1311 365
1351 354
1392 358
1430 377
1511 384
1552 368
1596 370
1635 389
1657 422
1471 423
1470 463
1468 504
1467 545
1417 564
1438 578
1462 589
1487 582
1508 573
1330 428
1354 409
1383 409
1407 433
1381 436
1352 436
1523 443
1553 422
1583 425
1607 447
1582 452
1552 449
1364 632
1398 619
1431 616
1454 623
1479 620
1513 632
1548 649
1511 663
1475 668
1450 668
1424 664
1394 652
1377 633
1429 638
1453 642
1478 643
1535 649
1477 642
1451 642
1427 638
