157 201
159 228
163 253
167 280
175 306
190 329
209 348
230 364
255 369
281 365
304 350
326 334
345 313
357 287
362 258
365 230
367 201
166 182
175 169
191 164
208 165
223 172
262 174
281 165
303 163
323 167
339 180
242 190
242 211
241 233
241 254
222 257
232 263
245 267
258 262
270 256
184 190
194 182
207 183
218 193
206 192
194 193
276 192
288 182
301 181
313 188
302 191
289 191
202 281
217 277
234 276
249 279
263 276
284 276
305 280
286 305
265 314
250 315
234 312
217 303
208 283
234 280
249 282
263 281
300 281
264 303
249 304
234 302
