80 111
79 122
78 134
77 145
78 157
83 167
89 175
97 182
106 186
116 187
128 184
139 179
149 172
155 163
158 153
161 142
164 132
88 104
95 102
102 104
109 107
114 112
136 116
142 115
149 115
155 117
159 122
123 123
121 131
120 138
118 145
108 145
112 148
116 151
121 151
126 150
96 116
101 114
106 116
110 121
105 120
99 119
133 127
139 124
144 125
149 129
144 130
138 129
94 149
102 151
110 153
115 155
120 156
127 157
134 160
125 167
117 168
111 167
105 165
99 159
96 150
109 155
114 157
120 158
132 160
118 165
112 164
107 161
