212 388
209 432
211 476
216 521
224 568
239 613
265 651
296 685
341 698
394 695
446 676
493 649
528 610
548 561
556 508
565 455
571 401
212 354
227 330
256 325
285 329
310 344
378 347
414 332
456 331
494 346
522 374
340 375
333 412
325 449
318 488
294 497
309 508
328 517
352 510
376 504
240 374
259 362
282 365
303 382
279 384
256 383
407 388
431 371
457 372
479 387
458 393
431 392
273 547
293 540
316 540
338 547
366 544
403 548
441 559
405 590
365 600
337 601
313 594
292 578
284 550
315 554
338 560
365 559
431 559
366 580
338 580
314 574
