280 330
281 369
283 409
290 448
307 485
334 515
367 539
404 556
443 560
480 551
510 529
536 502
555 470
566 435
572 399
576 365
575 330
317 302
340 286
369 281
398 286
424 298
469 296
494 286
520 282
547 287
563 307
450 320
452 344
454 368
456 393
419 411
436 416
452 422
466 416
478 411
349 323
365 313
385 313
402 326
383 329
364 330
483 327
500 314
520 315
535 325
520 330
502 330
371 449
400 445
431 442
448 446
465 441
489 443
509 446
488 477
466 490
447 493
428 492
399 480
379 451
430 455
448 456
465 453
501 449
465 472
447 475
429 474
