57 108
56 122
57 137
59 152
63 166
70 178
81 189
93 197
106 200
119 198
132 191
144 182
154 171
160 158
164 144
166 129
168 114
67 98
74 93
83 92
93 93
101 98
121 98
129 95
138 94
147 96
154 101
109 107
108 116
108 125
107 135
98 141
102 143
107 144
113 143
118 141
78 105
84 103
91 104
96 108
90 108
84 108
124 109
130 105
136 106
142 109
137 110
130 110
84 157
92 154
100 153
107 154
114 153
123 155
133 158
123 167
114 171
106 171
99 170
91 166
87 157
100 157
107 158
114 157
130 158
114 164
106 165
100 164
