82 79
82 91
82 103
83 114
87 125
95 134
104 142
114 148
124 149
133 147
140 140
147 132
152 124
155 114
158 105
159 95
160 85
95 75
102 72
110 72
118 74
125 78
139 79
144 76
150 76
155 76
159 80
131 85
131 93
131 102
131 110
121 111
125 113
129 115
133 113
137 112
104 81
108 79
113 80
118 84
113 84
107 83
139 86
143 82
148 82
152 85
149 87
144 87
108 119
116 119
123 119
128 121
133 120
137 120
141 121
137 128
132 131
127 132
121 131
114 127
110 119
123 122
128 123
132 122
139 121
132 126
127 127
122 126
