133 204
133 233
136 264
141 294
153 323
172 350
195 375
222 392
252 397
279 390
301 368
320 343
336 318
346 289
349 261
349 234
348 206
161 190
178 179
200 178
221 182
241 190
274 188
292 180
311 177
329 179
341 191
256 206
256 227
257 248
257 270
231 276
243 281
256 286
269 281
280 276
186 205
200 199
214 200
226 210
213 211
199 210
282 208
294 199
307 199
317 205
308 209
295 209
196 301
219 300
241 299
255 303
271 299
289 300
306 302
290 326
272 339
255 342
239 340
217 327
202 304
240 307
255 309
271 307
299 304
271 325
255 328
239 326
