825 1017
825 1148
836 1275
849 1408
880 1532
941 1636
1033 1720
1133 1793
1244 1820
1366 1804
1492 1756
1609 1687
1695 1587
1748 1465
1780 1332
1810 1195
1832 1053
879 936
945 896
1028 900
1105 928
1177 971
1359 965
1440 928
1527 911
1618 918
1692 965
1255 1044
1250 1132
1243 1222
1237 1315
1150 1338
1191 1364
1240 1387
1296 1370
1348 1353
985 1018
1039 998
1098 1004
1149 1045
1090 1049
1032 1044
1401 1059
1461 1024
1523 1025
1574 1051
1523 1076
1462 1075
1058 1452
1131 1455
1191 1457
1243 1475
1297 1464
1374 1476
1469 1482
1374 1539
1293 1560
1236 1561
1180 1550
1120 1521
1091 1466
1188 1492
1242 1505
1296 1501
1434 1487
1294 1499
1239 1501
1186 1491
