373 241
372 265
373 290
374 317
381 342
395 364
415 381
439 395
465 399
490 395
513 380
531 361
544 339
551 315
554 290
556 266
557 243
389 216
399 204
416 199
433 200
448 206
483 208
499 203
517 203
532 209
543 221
465 226
465 243
464 259
464 277
444 287
453 291
464 295
474 292
484 288
407 227
417 219
429 220
439 231
428 232
416 231
491 233
502 222
514 222
524 231
515 234
503 234
418 318
436 311
453 309
464 311
477 309
494 313
511 319
495 337
477 345
464 346
452 344
435 337
423 319
453 317
464 318
477 317
506 320
477 334
464 335
453 334
