132 161
133 180
136 198
139 217
144 235
154 251
167 265
182 277
200 280
217 276
233 265
247 252
259 236
266 218
268 199
272 179
275 159
139 155
147 147
160 145
173 147
186 152
212 150
226 145
239 143
252 145
262 153
199 162
199 177
199 191
199 206
186 211
192 214
200 217
207 214
214 210
154 163
163 157
173 157
181 165
173 166
162 166
219 163
228 155
238 155
245 160
238 164
229 164
167 226
180 226
192 226
200 228
210 226
223 225
235 224
223 239
210 247
200 248
191 247
178 241
171 227
192 230
200 232
210 230
232 226
210 238
200 240
191 239
