183 271
184 302
188 332
192 363
202 391
221 415
245 436
270 454
298 462
325 457
348 438
370 417
388 393
397 365
403 335
410 304
413 273
205 256
222 250
240 250
258 254
276 262
329 264
346 256
363 252
382 250
397 258
303 285
302 307
302 329
301 351
279 357
289 361
301 367
313 362
323 358
228 281
241 274
257 276
269 289
254 290
238 288
334 289
346 276
362 274
376 282
364 289
349 290
245 374
267 377
286 379
301 382
314 380
333 378
354 376
335 404
315 415
300 417
284 414
265 402
253 378
286 385
301 388
314 386
346 380
314 401
300 403
285 401
