138 151
136 171
135 190
134 210
138 229
149 244
166 256
186 266
206 271
226 269
246 261
265 251
277 236
284 218
288 199
291 179
293 158
149 132
159 123
173 120
186 123
198 131
232 131
245 126
259 126
272 131
280 142
214 145
213 161
212 176
211 191
194 194
202 198
209 202
218 200
225 197
163 145
172 139
182 140
192 149
181 149
171 148
233 152
243 144
253 145
262 152
253 154
243 154
168 211
185 209
198 210
208 212
219 212
233 215
247 220
232 231
217 234
206 233
195 231
182 226
173 213
198 215
208 217
218 217
242 220
218 226
207 225
197 223
