201 382
198 426
199 470
204 514
214 555
234 594
260 630
290 657
329 670
373 664
416 647
456 623
487 592
509 553
522 512
534 468
542 422
223 365
243 346
273 346
301 359
324 376
399 380
430 371
461 366
491 375
508 397
358 401
353 429
349 457
345 486
312 496
327 504
343 512
362 509
381 506
261 389
281 380
302 383
318 403
298 400
277 397
404 413
425 398
447 400
465 413
447 418
425 417
273 534
302 538
326 540
343 546
362 545
389 551
422 553
385 570
356 577
336 576
318 571
297 558
283 539
324 553
341 557
361 558
411 555
359 561
339 559
322 554
