131 140
133 158
135 176
138 194
143 211
155 224
169 235
185 245
201 248
217 245
231 236
246 226
256 212
262 196
265 178
267 159
269 141
143 124
153 117
165 115
178 116
191 120
216 119
228 114
240 113
252 115
260 123
204 133
204 144
204 155
204 167
190 176
196 178
203 180
210 178
217 177
160 137
168 132
176 132
184 138
176 139
167 139
220 138
229 133
237 133
245 137
238 140
229 139
170 196
183 193
196 192
203 194
211 193
223 195
235 196
223 210
211 214
202 215
194 213
182 208
174 197
195 197
203 198
211 198
231 198
211 206
203 207
195 206
