432 127
429 146
430 164
431 184
435 204
444 223
457 238
473 250
492 256
513 253
534 246
552 235
567 218
576 198
580 177
583 156
584 134
439 110
446 102
458 99
470 100
482 104
511 106
523 100
537 99
550 102
561 110
494 119
492 131
491 143
489 155
475 165
482 169
491 172
500 169
510 166
453 123
460 118
468 118
477 125
468 125
459 125
517 124
526 118
535 118
543 124
535 125
526 125
460 190
471 185
484 183
493 185
502 183
517 186
534 191
519 205
503 209
493 210
483 208
472 203
465 191
483 188
493 189
502 189
530 192
503 202
493 202
484 201
