204 299
201 336
201 373
203 411
210 448
228 481
253 510
279 533
313 545
350 543
388 529
424 510
453 483
471 450
482 414
489 377
494 339
233 280
253 266
277 264
302 272
322 288
367 293
391 283
417 281
442 290
459 308
341 312
337 334
333 356
329 380
301 391
313 399
328 405
344 403
360 400
259 303
275 298
292 301
307 314
289 313
272 310
377 323
395 314
412 316
427 326
411 328
395 326
260 425
286 424
310 425
326 430
344 430
369 435
396 442
365 466
338 472
319 471
302 467
280 454
267 428
308 433
325 437
342 437
388 444
340 459
322 458
305 454
